1
0.0
0.7 200 200 1
0.9 200 400 1
1.3 600 200 1
1.5 600 400 1
2.0 200 300 1
2.2 600 300 1
2.7 200 500 1
2.9 600 500 1
3.5 200 200 1
3.7 200 400 1
4.4 600 200 1
4.6 600 400 1
5.0 200 300 1
5.2 600 300 1
5.87 200 500 1
5.97 600 500 1
7.0 300 200 3 19
7.7 500 200 1
8.3 600 300 3 21
8.8 500 400 1
9.2 300 400 3 23
9.7 200 300 1
10.2 400 200 3 25
11.5 400 400 1
11.6 300 200 3 27
12.3 200 550 1
12.5 500 200 3 29
13.3 600 550 1
13.3 300 150 1
13.6 400 150 1
13.9 500 150 1
15.55 600 300 1
15.75 600 400 1
16.0 200 300 1
16.2 200 400 1
16.5 300 150 1
16.8 400 150 1
17.1 500 150 1
19.8 200 200 1
20.6 600 200 1
21.0 200 100 3 43
22.0 300 250 3 44
23.0 500 250 3 45
24.0 600 100 1
24.7 150 150 1
25.0 250 150 1
25.3 350 150 1
25.6 450 150 1
25.85 550 150 1
26.0 650 150 1
26.3 400 250 2 2.0
31.0 200 200 1
31.8 200 400 1
32.6 600 200 1
33.4 600 400 1
34.2 200 200 1
35.0 200 400 1
35.8 600 400 1
36.6 600 200 1
37.4 100 300 1
38.2 700 300 1
