0
0.0
0 0 3 0 0 0 75
5 0 3 200 300 2 2 3
5 2 3 200 400 1
6 0 3 600 300 2 2 3
6 2 3 600 400 1
7 0 3 300 450 2 1 3
7 3 6 300 375 3 8
7 2 3 300 350 3 9
7 5 6 300 325 1
8 0 3 500 300 3 11
8 1 6 500 325 3 12
8 1 3 500 350 3 13
8 3 6 500 375 3 14
8 2 3 500 400 1
9 0 3 250 350 2 2 3
9 2 3 550 350 1
10 0 3 500 400 2 1 3
10 1 3 300 400 2 1 3
10 2 3 300 350 1
10 2 3 500 350 1
11 0 3 550 300 2 1 3
11 3 6 250 350 1
11 2 3 550 350 1
11 5 6 250 400 1
12 0 3 550 400 2 2 3
17 0 3 600 400 2 2 3
17 2 3 600 300 1
18 0 3 200 400 2 2 3
18 2 3 200 300 1
19 0 3 500 350 2 1 3
19 3 6 500 325 3 8
19 2 3 500 350 3 9
19 5 6 500 375 1
20 0 3 300 400 3 11
20 1 6 300 375 3 12
20 1 3 300 350 3 13
20 3 6 300 325 3 14
20 2 3 300 300 1
21 0 3 550 350 2 2 3
21 2 3 550 350 1
22 0 3 500 300 2 1 3
22 1 3 300 300 2 1 3
22 2 3 300 350 1
22 2 3 500 350 1
23 0 3 250 400 2 1 3
23 3 6 550 350 1
23 2 3 250 350 1
23 5 6 550 300 1
24 0 3 250 300 2 2 3