1
0.0
9.4 200 200 1
9.9 600 200 1
10.4 600 400 1
11.4 600 200 1
11.9 200 200 1
12.4 200 400 1
13.4 200 200 1
13.9 200 400 1
14.4 600 400 1
14.9 600 200 1
15.4 200 200 1
15.4 600 400 1
15.9 200 300 1
15.9 600 300 1
16.4 200 400 1
16.4 600 200 1
17.4 600 400 1
17.9 600 200 1
18.4 200 200 1
19.4 200 400 1
19.9 200 200 1
20.4 600 200 1
21.4 600 400 1
21.9 600 200 1
22.4 200 200 1
22.9 200 400 1
23.4 200 200 1
23.4 600 400 1
23.9 400 200 1
23.9 400 400 1
24.4 600 200 1
24.4 200 400 1
25.4 160 300 1
25.4 640 300 1
25.9 200 200 1
25.9 600 400 1
26.4 200 400 1
26.4 600 200 1
26.9 240 300 1
26.9 560 300 1
27.4 160 400 1
27.4 640 400 1
27.9 200 300 1
27.9 600 300 1
28.4 160 200 1
28.4 640 200 1
29.4 200 200 1
29.9 400 200 1
29.9 200 300 1
30.4 600 200 1
30.4 200 400 1
30.9 600 300 1
30.9 400 400 1
31.4 600 400 2 1.0
41.6 200 200 1
42.1 200 400 1
42.6 600 200 1
43.6 600 200 1
44.1 600 400 1
44.6 200 200 1
45.6 600 200 1
46.1 200 400 1
46.6 200 200 1
47.1 600 400 1
47.6 160 300 1
47.6 640 300 1
48.1 200 300 1
48.1 600 300 1
48.6 200 400 1
48.6 600 200 1
49.6 600 200 1
50.1 200 400 1
50.6 600 400 1
51.6 200 200 1
52.1 600 400 1
52.6 200 400 1
53.6 200 400 1
54.1 600 200 1
54.6 600 400 1
55.1 200 200 1
55.6 200 200 1
55.6 600 400 1
56.1 200 300 1
56.1 600 300 1
56.6 160 300 1
56.6 640 300 1
57.6 200 200 1
57.6 600 200 1
58.1 200 400 1
58.1 600 400 1
58.6 160 400 1
58.6 640 400 1
59.1 160 200 1
59.1 640 200 1
59.6 400 200 1
59.6 400 400 1
60.1 200 300 1
60.1 600 300 1
60.6 200 200 1
60.6 600 400 1
61.6 200 400 1
61.6 600 200 1
62.1 200 300 1
62.1 600 300 1
62.6 200 200 1
62.6 600 400 1
63.1 400 200 1
63.1 400 400 1
63.6 200 200 3 111
63.6 600 200 3 112
64.6 200 400 1
64.6 600 400 1