0
0.0
1 0 0 0 0 0 119 
5 0 4 200 200 1
5 1 4 200 300 1
5 2 4 200 400 1
6 0 4 600 200 1
6 1 4 600 300 1
6 2 4 600 400 1
7 0 4 100 200 3 9
7 1 4 300 100 3 10
7 2 4 500 100 3 11
7 3 4 700 200 1
8 0 4 300 300 1
8 0 4 500 300 1
8 1 4 100 300 1
8 1 4 700 300 1
8 2 4 300 300 2 1 4
8 2 4 500 300 2 1 4
9 0 4 600 400 1
9 1 4 600 300 1
9 2 4 600 200 1
10 0 4 200 400 1
10 1 4 200 300 1
10 2 4 200 200 1
11 0 4 300 200 3 25
11 1 4 200 400 1
11 2 4 500 200 3 27
11 3 4 600 400 1
12 0 4 200 200 3 30
12 0 4 600 200 3 31
12 1 4 300 300 3 32
12 1 4 500 300 3 33
12 2 4 300 400 1
12 2 4 500 400 1
13 0 4 700 200 2 1 4
13 1 4 100 200 2 1 4
13 2 4 500 400 2 1 4
13 3 4 300 400 2 1 4
14 0 4 700 400 2 1 4
14 1 4 100 400 2 1 4
14 2 4 400 200 2 1 4
15 0 4 100 400 2 1 4
15 1 4 700 400 2 1 4
15 2 4 300 200 2 1 4
15 3 4 500 200 2 1 4
16 0 4 300 300 2 3 4
16 0 4 500 300 2 3 4
21 0 4 200 200 1
21 1 4 200 300 1
21 2 4 200 400 1
22 0 4 600 200 1
22 1 4 600 300 1
22 2 4 600 400 1
23 0 4 100 200 3 9
23 1 4 300 100 3 10
23 2 4 500 100 3 11
23 3 4 700 200 1
24 0 4 300 300 1
24 0 4 500 300 1
24 1 4 100 300 1
24 1 4 700 300 1
24 2 4 300 300 2 1 4
24 2 4 500 300 2 1 4
25 0 4 600 400 1
25 1 4 600 300 1
25 2 4 600 200 1
26 0 4 200 400 1
26 1 4 200 300 1
26 2 4 200 200 1
27 0 4 300 200 3 25
27 1 4 200 400 1
27 2 4 500 200 3 27
27 3 4 600 400 1
28 0 4 200 200 3 30
28 0 4 600 200 3 31
28 1 4 300 300 3 32
28 1 4 500 300 3 33
28 2 4 300 400 1
28 2 4 500 400 1
29 0 4 700 200 2 1 4
29 1 4 100 200 2 1 4
29 2 4 500 400 2 1 4
29 3 4 300 400 2 1 4
30 0 4 700 400 2 1 4
30 1 4 100 400 2 1 4
30 2 4 400 200 2 1 4
31 0 4 100 400 2 1 4
31 1 4 700 400 2 1 4
31 2 4 300 200 2 1 4
31 3 4 500 200 2 1 4
32 0 4 300 300 2 3 4
32 0 4 500 300 2 3 4